
SUMMARISING RUN PARAMETERS
==========================
Input filename: SRR7368841.fastq.gz
Trimming mode: single-end
Trim Galore version: 0.6.0
Cutadapt version: 2.1
Number of cores used for trimming: 1
Quality Phred score cutoff: 20
Quality encoding type selected: ASCII+33
Adapter sequence: 'AGATCGGAAGAGC' (Illumina TruSeq, Sanger iPCR; auto-detected)
Maximum trimming error rate: 0.1 (default)
Minimum required adapter overlap (stringency): 1 bp
Minimum required sequence length before a sequence gets removed: 20 bp
Output file will be GZIP compressed


This is cutadapt 2.1 with Python 3.7.1
Command line parameters: -j 1 -e 0.1 -q 20 -O 1 -a AGATCGGAAGAGC SRR7368841.fastq.gz
Processing reads on 1 core in single-end mode ...
Finished in 2994.53 s (30 us/read; 2.01 M reads/minute).

=== Summary ===

Total reads processed:             100,336,985
Reads with adapters:                40,401,262 (40.3%)
Reads written (passing filters):   100,336,985 (100.0%)

Total basepairs processed: 15,050,547,750 bp
Quality-trimmed:             137,247,640 bp (0.9%)
Total written (filtered):  14,627,336,284 bp (97.2%)

=== Adapter 1 ===

Sequence: AGATCGGAAGAGC; Type: regular 3'; Length: 13; Trimmed: 40401262 times.

No. of allowed errors:
0-9 bp: 0; 10-13 bp: 1

Bases preceding removed adapters:
  A: 26.8%
  C: 27.0%
  G: 11.0%
  T: 35.1%
  none/other: 0.0%

Overview of removed sequences
length	count	expect	max.err	error counts
1	20354308	25084246.2	0	20354308
2	6414217	6271061.6	0	6414217
3	1974813	1567765.4	0	1974813
4	750868	391941.3	0	750868
5	571716	97985.3	0	571716
6	462469	24496.3	0	462469
7	588316	6124.1	0	588316
8	460493	1531.0	0	460493
9	403196	382.8	0	401382 1814
10	702926	95.7	1	620868 82058
11	250400	23.9	1	133045 117355
12	191241	6.0	1	151450 39791
13	632192	1.5	1	519507 112685
14	203971	1.5	1	158314 45657
15	550938	1.5	1	450639 100299
16	182263	1.5	1	141240 41023
17	469282	1.5	1	378618 90664
18	469272	1.5	1	388263 81009
19	141378	1.5	1	109279 32099
20	430854	1.5	1	364661 66193
21	156788	1.5	1	123778 33010
22	458724	1.5	1	390145 68579
23	165396	1.5	1	132786 32610
24	84397	1.5	1	63747 20650
25	387341	1.5	1	326606 60735
26	28799	1.5	1	20399 8400
27	226374	1.5	1	185538 40836
28	320661	1.5	1	266847 53814
29	99610	1.5	1	78877 20733
30	236120	1.5	1	200791 35329
31	43261	1.5	1	32776 10485
32	213807	1.5	1	179099 34708
33	77579	1.5	1	62957 14622
34	180723	1.5	1	151679 29044
35	64263	1.5	1	52152 12111
36	176112	1.5	1	148408 27704
37	55325	1.5	1	43841 11484
38	123892	1.5	1	105298 18594
39	64223	1.5	1	52228 11995
40	197109	1.5	1	170698 26411
41	42133	1.5	1	34801 7332
42	61762	1.5	1	52249 9513
43	9213	1.5	1	7234 1979
44	27001	1.5	1	22831 4170
45	36852	1.5	1	32082 4770
46	47621	1.5	1	41190 6431
47	29558	1.5	1	25100 4458
48	17556	1.5	1	14810 2746
49	10080	1.5	1	8086 1994
50	38995	1.5	1	33842 5153
51	17736	1.5	1	15088 2648
52	32689	1.5	1	28662 4027
53	19901	1.5	1	17159 2742
54	20963	1.5	1	18254 2709
55	13891	1.5	1	12446 1445
56	8443	1.5	1	7188 1255
57	8996	1.5	1	7657 1339
58	4920	1.5	1	4282 638
59	6162	1.5	1	5211 951
60	15785	1.5	1	13825 1960
61	5535	1.5	1	4844 691
62	4893	1.5	1	4235 658
63	3374	1.5	1	2677 697
64	10934	1.5	1	9513 1421
65	1871	1.5	1	1463 408
66	4577	1.5	1	3898 679
67	4847	1.5	1	4024 823
68	4666	1.5	1	3850 816
69	4454	1.5	1	3648 806
70	4306	1.5	1	3601 705
71	3904	1.5	1	3251 653
72	3104	1.5	1	2539 565
73	1909	1.5	1	1498 411
74	649	1.5	1	413 236
75	908	1.5	1	693 215
76	1818	1.5	1	1500 318
77	1918	1.5	1	1549 369
78	1885	1.5	1	1518 367
79	1838	1.5	1	1478 360
80	1701	1.5	1	1352 349
81	1599	1.5	1	1267 332
82	1543	1.5	1	1219 324
83	1473	1.5	1	1135 338
84	1390	1.5	1	1062 328
85	1329	1.5	1	1057 272
86	1180	1.5	1	903 277
87	1116	1.5	1	852 264
88	1072	1.5	1	800 272
89	981	1.5	1	728 253
90	984	1.5	1	763 221
91	936	1.5	1	728 208
92	823	1.5	1	634 189
93	831	1.5	1	617 214
94	817	1.5	1	641 176
95	710	1.5	1	540 170
96	664	1.5	1	514 150
97	702	1.5	1	502 200
98	720	1.5	1	546 174
99	673	1.5	1	490 183
100	643	1.5	1	472 171
101	661	1.5	1	502 159
102	728	1.5	1	559 169
103	699	1.5	1	546 153
104	870	1.5	1	644 226
105	793	1.5	1	602 191
106	775	1.5	1	564 211
107	631	1.5	1	476 155
108	702	1.5	1	541 161
109	922	1.5	1	742 180
110	1329	1.5	1	1101 228
111	2043	1.5	1	1657 386
112	2491	1.5	1	1853 638
113	2987	1.5	1	2119 868
114	2694	1.5	1	1928 766
115	3104	1.5	1	2324 780
116	3242	1.5	1	2579 663
117	3906	1.5	1	3159 747
118	5064	1.5	1	4246 818
119	5119	1.5	1	4319 800
120	5146	1.5	1	4401 745
121	4768	1.5	1	4077 691
122	4641	1.5	1	3951 690
123	5619	1.5	1	4828 791
124	6255	1.5	1	5441 814
125	5826	1.5	1	5236 590
126	4877	1.5	1	4403 474
127	3209	1.5	1	2883 326
128	2721	1.5	1	2482 239
129	3180	1.5	1	2942 238
130	2878	1.5	1	2673 205
131	2332	1.5	1	2135 197
132	1937	1.5	1	1793 144
133	1395	1.5	1	1293 102
134	863	1.5	1	784 79
135	920	1.5	1	850 70
136	1133	1.5	1	1035 98
137	1117	1.5	1	1020 97
138	1278	1.5	1	1150 128
139	1347	1.5	1	1205 142
140	1495	1.5	1	1363 132
141	1461	1.5	1	1334 127
142	1930	1.5	1	1747 183
143	3026	1.5	1	2785 241
144	3196	1.5	1	2946 250
145	2935	1.5	1	2678 257
146	3770	1.5	1	3420 350
147	6440	1.5	1	5814 626
148	14900	1.5	1	13404 1496
149	56989	1.5	1	51961 5028
150	79767	1.5	1	70948 8819

RUN STATISTICS FOR INPUT FILE: SRR7368841.fastq.gz
=============================================
100336985 sequences processed in total
Sequences removed because they became shorter than the length cutoff of 20 bp:	194035 (0.2%)

