
SUMMARISING RUN PARAMETERS
==========================
Input filename: SRR7368842.fastq.gz
Trimming mode: single-end
Trim Galore version: 0.6.0
Cutadapt version: 2.1
Number of cores used for trimming: 1
Quality Phred score cutoff: 20
Quality encoding type selected: ASCII+33
Adapter sequence: 'AGATCGGAAGAGC' (Illumina TruSeq, Sanger iPCR; auto-detected)
Maximum trimming error rate: 0.1 (default)
Minimum required adapter overlap (stringency): 1 bp
Minimum required sequence length before a sequence gets removed: 20 bp
Output file will be GZIP compressed


This is cutadapt 2.1 with Python 3.7.1
Command line parameters: -j 1 -e 0.1 -q 20 -O 1 -a AGATCGGAAGAGC SRR7368842.fastq.gz
Processing reads on 1 core in single-end mode ...
Finished in 5855.67 s (32 us/read; 1.89 M reads/minute).

=== Summary ===

Total reads processed:             184,621,978
Reads with adapters:                75,538,222 (40.9%)
Reads written (passing filters):   184,621,978 (100.0%)

Total basepairs processed: 27,693,296,700 bp
Quality-trimmed:             219,482,615 bp (0.8%)
Total written (filtered):  27,009,233,820 bp (97.5%)

=== Adapter 1 ===

Sequence: AGATCGGAAGAGC; Type: regular 3'; Length: 13; Trimmed: 75538222 times.

No. of allowed errors:
0-9 bp: 0; 10-13 bp: 1

Bases preceding removed adapters:
  A: 26.5%
  C: 27.2%
  G: 10.5%
  T: 35.8%
  none/other: 0.0%

Overview of removed sequences
length	count	expect	max.err	error counts
1	38096644	46155494.5	0	38096644
2	12516631	11538873.6	0	12516631
3	3349444	2884718.4	0	3349444
4	1289408	721179.6	0	1289408
5	1122576	180294.9	0	1122576
6	877332	45073.7	0	877332
7	1224975	11268.4	0	1224975
8	882327	2817.1	0	882327
9	710275	704.3	0	706736 3539
10	1361801	176.1	1	1229230 132571
11	482707	44.0	1	228555 254152
12	297244	11.0	1	243070 54174
13	1184964	2.8	1	993101 191863
14	404429	2.8	1	321017 83412
15	1083069	2.8	1	900373 182696
16	373367	2.8	1	295501 77866
17	932085	2.8	1	768356 163729
18	915571	2.8	1	769625 145946
19	248070	2.8	1	195606 52464
20	862380	2.8	1	739666 122714
21	281322	2.8	1	225605 55717
22	903939	2.8	1	777148 126791
23	288873	2.8	1	237938 50935
24	157695	2.8	1	123953 33742
25	770870	2.8	1	656765 114105
26	39124	2.8	1	28413 10711
27	414729	2.8	1	344104 70625
28	623155	2.8	1	521313 101842
29	195418	2.8	1	158164 37254
30	457064	2.8	1	391190 65874
31	62518	2.8	1	47669 14849
32	391148	2.8	1	329479 61669
33	150633	2.8	1	123316 27317
34	333743	2.8	1	279487 54256
35	123369	2.8	1	100109 23260
36	335797	2.8	1	280543 55254
37	102063	2.8	1	82085 19978
38	230989	2.8	1	193940 37049
39	116292	2.8	1	93371 22921
40	395396	2.8	1	334623 60773
41	80259	2.8	1	66619 13640
42	133840	2.8	1	112322 21518
43	14196	2.8	1	10984 3212
44	54030	2.8	1	45488 8542
45	62422	2.8	1	54186 8236
46	70363	2.8	1	59125 11238
47	56544	2.8	1	47991 8553
48	22488	2.8	1	18632 3856
49	13464	2.8	1	10436 3028
50	73339	2.8	1	62421 10918
51	23183	2.8	1	19007 4176
52	59183	2.8	1	49980 9203
53	26297	2.8	1	21251 5046
54	37502	2.8	1	31391 6111
55	18863	2.8	1	15786 3077
56	13350	2.8	1	11035 2315
57	15243	2.8	1	12450 2793
58	6557	2.8	1	5217 1340
59	9495	2.8	1	7710 1785
60	27296	2.8	1	22148 5148
61	6008	2.8	1	4680 1328
62	7917	2.8	1	6255 1662
63	5376	2.8	1	4120 1256
64	20096	2.8	1	15857 4239
65	1787	2.8	1	1293 494
66	6130	2.8	1	4542 1588
67	7442	2.8	1	5519 1923
68	6815	2.8	1	4873 1942
69	6786	2.8	1	4801 1985
70	7162	2.8	1	5108 2054
71	5456	2.8	1	3787 1669
72	3406	2.8	1	2320 1086
73	1646	2.8	1	1089 557
74	408	2.8	1	237 171
75	937	2.8	1	625 312
76	2228	2.8	1	1549 679
77	2678	2.8	1	1772 906
78	2555	2.8	1	1752 803
79	2393	2.8	1	1600 793
80	2353	2.8	1	1555 798
81	2160	2.8	1	1436 724
82	1897	2.8	1	1218 679
83	1792	2.8	1	1139 653
84	1666	2.8	1	1017 649
85	1580	2.8	1	956 624
86	1405	2.8	1	901 504
87	1232	2.8	1	779 453
88	1187	2.8	1	728 459
89	1130	2.8	1	683 447
90	1087	2.8	1	650 437
91	997	2.8	1	564 433
92	948	2.8	1	578 370
93	860	2.8	1	515 345
94	799	2.8	1	454 345
95	805	2.8	1	456 349
96	762	2.8	1	453 309
97	691	2.8	1	384 307
98	655	2.8	1	364 291
99	621	2.8	1	332 289
100	556	2.8	1	325 231
101	567	2.8	1	325 242
102	545	2.8	1	300 245
103	498	2.8	1	285 213
104	478	2.8	1	276 202
105	447	2.8	1	254 193
106	442	2.8	1	228 214
107	386	2.8	1	210 176
108	413	2.8	1	233 180
109	372	2.8	1	212 160
110	351	2.8	1	175 176
111	339	2.8	1	174 165
112	292	2.8	1	157 135
113	279	2.8	1	161 118
114	250	2.8	1	148 102
115	282	2.8	1	170 112
116	218	2.8	1	123 95
117	183	2.8	1	106 77
118	146	2.8	1	75 71
119	131	2.8	1	72 59
120	138	2.8	1	76 62
121	82	2.8	1	46 36
122	71	2.8	1	37 34
123	54	2.8	1	29 25
124	37	2.8	1	23 14
125	22	2.8	1	14 8
126	18	2.8	1	8 10
127	19	2.8	1	9 10
128	11	2.8	1	4 7
129	14	2.8	1	6 8
130	7	2.8	1	2 5
131	8	2.8	1	3 5
132	4	2.8	1	1 3
133	9	2.8	1	6 3
134	4	2.8	1	1 3
135	9	2.8	1	4 5
136	4	2.8	1	2 2
137	3	2.8	1	1 2
138	6	2.8	1	3 3
139	4	2.8	1	0 4
140	7	2.8	1	2 5
141	2	2.8	1	0 2
142	8	2.8	1	3 5
143	8	2.8	1	2 6
144	5	2.8	1	3 2
145	2	2.8	1	1 1
146	13	2.8	1	8 5
147	17	2.8	1	11 6
148	75	2.8	1	56 19
149	503	2.8	1	422 81
150	680	2.8	1	503 177

RUN STATISTICS FOR INPUT FILE: SRR7368842.fastq.gz
=============================================
184621978 sequences processed in total
Sequences removed because they became shorter than the length cutoff of 20 bp:	1599 (0.0%)

