
SUMMARISING RUN PARAMETERS
==========================
Input filename: SRR7368845.fastq.gz
Trimming mode: single-end
Trim Galore version: 0.6.0
Cutadapt version: 2.1
Number of cores used for trimming: 1
Quality Phred score cutoff: 20
Quality encoding type selected: ASCII+33
Adapter sequence: 'AGATCGGAAGAGC' (Illumina TruSeq, Sanger iPCR; auto-detected)
Maximum trimming error rate: 0.1 (default)
Minimum required adapter overlap (stringency): 1 bp
Minimum required sequence length before a sequence gets removed: 20 bp
Running FastQC on the data once trimming has completed
Output file will be GZIP compressed


This is cutadapt 2.1 with Python 3.7.1
Command line parameters: -j 1 -e 0.1 -q 20 -O 1 -a AGATCGGAAGAGC SRR7368845.fastq.gz
Processing reads on 1 core in single-end mode ...
Finished in 2944.51 s (29 us/read; 2.07 M reads/minute).

=== Summary ===

Total reads processed:             101,781,304
Reads with adapters:                41,188,626 (40.5%)
Reads written (passing filters):   101,781,304 (100.0%)

Total basepairs processed: 15,267,195,600 bp
Quality-trimmed:             145,148,183 bp (1.0%)
Total written (filtered):  14,786,096,809 bp (96.8%)

=== Adapter 1 ===

Sequence: AGATCGGAAGAGC; Type: regular 3'; Length: 13; Trimmed: 41188626 times.

No. of allowed errors:
0-9 bp: 0; 10-13 bp: 1

Bases preceding removed adapters:
  A: 26.4%
  C: 27.9%
  G: 10.8%
  T: 35.0%
  none/other: 0.0%

Overview of removed sequences
length	count	expect	max.err	error counts
1	20404023	25445326.0	0	20404023
2	6401578	6361331.5	0	6401578
3	1951589	1590332.9	0	1951589
4	753967	397583.2	0	753967
5	554600	99395.8	0	554600
6	449303	24849.0	0	449303
7	578799	6212.2	0	578799
8	452509	1553.1	0	452509
9	390243	388.3	0	388444 1799
10	700800	97.1	1	616270 84530
11	249098	24.3	1	130688 118410
12	196299	6.1	1	154585 41714
13	634183	1.5	1	517840 116343
14	212292	1.5	1	163618 48674
15	558282	1.5	1	453373 104909
16	190729	1.5	1	147298 43431
17	478438	1.5	1	383091 95347
18	486958	1.5	1	400073 86885
19	148001	1.5	1	113653 34348
20	450800	1.5	1	378564 72236
21	168392	1.5	1	131930 36462
22	491173	1.5	1	415063 76110
23	176450	1.5	1	140576 35874
24	94022	1.5	1	70707 23315
25	413659	1.5	1	346945 66714
26	34253	1.5	1	24250 10003
27	243214	1.5	1	197966 45248
28	349811	1.5	1	289091 60720
29	111822	1.5	1	87948 23874
30	261350	1.5	1	220847 40503
31	53000	1.5	1	40305 12695
32	223663	1.5	1	185888 37775
33	104425	1.5	1	85743 18682
34	158613	1.5	1	129159 29454
35	248781	1.5	1	205767 43014
36	108435	1.5	1	88404 20031
37	173817	1.5	1	148113 25704
38	71236	1.5	1	57946 13290
39	36792	1.5	1	28095 8697
40	224345	1.5	1	195442 28903
41	63347	1.5	1	53012 10335
42	61488	1.5	1	51730 9758
43	22452	1.5	1	18986 3466
44	50121	1.5	1	42914 7207
45	38457	1.5	1	33221 5236
46	59257	1.5	1	51206 8051
47	38623	1.5	1	32859 5764
48	15545	1.5	1	12975 2570
49	11973	1.5	1	9387 2586
50	49390	1.5	1	42883 6507
51	20020	1.5	1	17058 2962
52	38503	1.5	1	33710 4793
53	24285	1.5	1	21087 3198
54	26215	1.5	1	22729 3486
55	15087	1.5	1	13407 1680
56	10829	1.5	1	9266 1563
57	10832	1.5	1	9204 1628
58	4951	1.5	1	4196 755
59	7954	1.5	1	6761 1193
60	19802	1.5	1	17438 2364
61	5768	1.5	1	5022 746
62	6616	1.5	1	5677 939
63	4628	1.5	1	3744 884
64	15036	1.5	1	13211 1825
65	2236	1.5	1	1771 465
66	5589	1.5	1	4742 847
67	6242	1.5	1	5311 931
68	6084	1.5	1	5182 902
69	5912	1.5	1	4948 964
70	5629	1.5	1	4777 852
71	4996	1.5	1	4248 748
72	4306	1.5	1	3572 734
73	2519	1.5	1	2026 493
74	893	1.5	1	609 284
75	1139	1.5	1	909 230
76	2482	1.5	1	2113 369
77	2762	1.5	1	2322 440
78	2803	1.5	1	2373 430
79	2695	1.5	1	2241 454
80	2662	1.5	1	2178 484
81	2407	1.5	1	2015 392
82	2361	1.5	1	1957 404
83	2190	1.5	1	1790 400
84	2110	1.5	1	1757 353
85	2043	1.5	1	1650 393
86	1954	1.5	1	1602 352
87	1911	1.5	1	1541 370
88	1796	1.5	1	1434 362
89	1672	1.5	1	1332 340
90	1607	1.5	1	1313 294
91	1492	1.5	1	1194 298
92	1487	1.5	1	1225 262
93	1388	1.5	1	1151 237
94	1331	1.5	1	1087 244
95	1255	1.5	1	1023 232
96	1261	1.5	1	1023 238
97	1168	1.5	1	901 267
98	1181	1.5	1	973 208
99	1129	1.5	1	921 208
100	1158	1.5	1	935 223
101	1149	1.5	1	936 213
102	1288	1.5	1	1064 224
103	1293	1.5	1	1016 277
104	1533	1.5	1	1201 332
105	1303	1.5	1	1026 277
106	1364	1.5	1	1050 314
107	1245	1.5	1	1018 227
108	1320	1.5	1	1084 236
109	1693	1.5	1	1422 271
110	2524	1.5	1	2094 430
111	3754	1.5	1	3034 720
112	4632	1.5	1	3567 1065
113	5335	1.5	1	3898 1437
114	5060	1.5	1	3671 1389
115	5589	1.5	1	4117 1472
116	5767	1.5	1	4529 1238
117	7014	1.5	1	5706 1308
118	8701	1.5	1	7269 1432
119	8966	1.5	1	7505 1461
120	8875	1.5	1	7534 1341
121	8281	1.5	1	7035 1246
122	8285	1.5	1	7019 1266
123	9727	1.5	1	8338 1389
124	11169	1.5	1	9672 1497
125	9944	1.5	1	8843 1101
126	8978	1.5	1	8042 936
127	5988	1.5	1	5373 615
128	4869	1.5	1	4395 474
129	5806	1.5	1	5331 475
130	5359	1.5	1	4903 456
131	4464	1.5	1	4085 379
132	3620	1.5	1	3349 271
133	2537	1.5	1	2325 212
134	1614	1.5	1	1487 127
135	1692	1.5	1	1534 158
136	2157	1.5	1	1973 184
137	2110	1.5	1	1900 210
138	2673	1.5	1	2443 230
139	2791	1.5	1	2516 275
140	2984	1.5	1	2718 266
141	3172	1.5	1	2876 296
142	4012	1.5	1	3633 379
143	6506	1.5	1	5957 549
144	7060	1.5	1	6485 575
145	6281	1.5	1	5717 564
146	7094	1.5	1	6420 674
147	13928	1.5	1	12599 1329
148	28104	1.5	1	24965 3139
149	91310	1.5	1	82880 8430
150	134933	1.5	1	119901 15032

RUN STATISTICS FOR INPUT FILE: SRR7368845.fastq.gz
=============================================
101781304 sequences processed in total
Sequences removed because they became shorter than the length cutoff of 20 bp:	339272 (0.3%)

